#
# gridID 1
#
gridtype  = gaussian
gridsize  = 18432
xsize     = 192
ysize     = 96
xname     = lon
xlongname = "Longitude"
xunits    = "degrees_east"
yname     = lat
ylongname = "Latitude"
yunits    = "degrees_north"
numLPE    = 48
xfirst    = 0
xinc      = 1.875
xbounds   = -0.9375 0.9375 
            0.9375 2.8125 
            2.8125 4.6875 
            4.6875 6.5625 
            6.5625 8.4375 
            8.4375 10.3125 
            10.3125 12.1875 
            12.1875 14.0625 
            14.0625 15.9375 
            15.9375 17.8125 
            17.8125 19.6875 
            19.6875 21.5625 
            21.5625 23.4375 
            23.4375 25.3125 
            25.3125 27.1875 
            27.1875 29.0625 
            29.0625 30.9375 
            30.9375 32.8125 
            32.8125 34.6875 
            34.6875 36.5625 
            36.5625 38.4375 
            38.4375 40.3125 
            40.3125 42.1875 
            42.1875 44.0625 
            44.0625 45.9375 
            45.9375 47.8125 
            47.8125 49.6875 
            49.6875 51.5625 
            51.5625 53.4375 
            53.4375 55.3125 
            55.3125 57.1875 
            57.1875 59.0625 
            59.0625 60.9375 
            60.9375 62.8125 
            62.8125 64.6875 
            64.6875 66.5625 
            66.5625 68.4375 
            68.4375 70.3125 
            70.3125 72.1875 
            72.1875 74.0625 
            74.0625 75.9375 
            75.9375 77.8125 
            77.8125 79.6875 
            79.6875 81.5625 
            81.5625 83.4375 
            83.4375 85.3125 
            85.3125 87.1875 
            87.1875 89.0625 
            89.0625 90.9375 
            90.9375 92.8125 
            92.8125 94.6875 
            94.6875 96.5625 
            96.5625 98.4375 
            98.4375 100.3125 
            100.3125 102.1875 
            102.1875 104.0625 
            104.0625 105.9375 
            105.9375 107.8125 
            107.8125 109.6875 
            109.6875 111.5625 
            111.5625 113.4375 
            113.4375 115.3125 
            115.3125 117.1875 
            117.1875 119.0625 
            119.0625 120.9375 
            120.9375 122.8125 
            122.8125 124.6875 
            124.6875 126.5625 
            126.5625 128.4375 
            128.4375 130.3125 
            130.3125 132.1875 
            132.1875 134.0625 
            134.0625 135.9375 
            135.9375 137.8125 
            137.8125 139.6875 
            139.6875 141.5625 
            141.5625 143.4375 
            143.4375 145.3125 
            145.3125 147.1875 
            147.1875 149.0625 
            149.0625 150.9375 
            150.9375 152.8125 
            152.8125 154.6875 
            154.6875 156.5625 
            156.5625 158.4375 
            158.4375 160.3125 
            160.3125 162.1875 
            162.1875 164.0625 
            164.0625 165.9375 
            165.9375 167.8125 
            167.8125 169.6875 
            169.6875 171.5625 
            171.5625 173.4375 
            173.4375 175.3125 
            175.3125 177.1875 
            177.1875 179.0625 
            179.0625 180.9375 
            180.9375 182.8125 
            182.8125 184.6875 
            184.6875 186.5625 
            186.5625 188.4375 
            188.4375 190.3125 
            190.3125 192.1875 
            192.1875 194.0625 
            194.0625 195.9375 
            195.9375 197.8125 
            197.8125 199.6875 
            199.6875 201.5625 
            201.5625 203.4375 
            203.4375 205.3125 
            205.3125 207.1875 
            207.1875 209.0625 
            209.0625 210.9375 
            210.9375 212.8125 
            212.8125 214.6875 
            214.6875 216.5625 
            216.5625 218.4375 
            218.4375 220.3125 
            220.3125 222.1875 
            222.1875 224.0625 
            224.0625 225.9375 
            225.9375 227.8125 
            227.8125 229.6875 
            229.6875 231.5625 
            231.5625 233.4375 
            233.4375 235.3125 
            235.3125 237.1875 
            237.1875 239.0625 
            239.0625 240.9375 
            240.9375 242.8125 
            242.8125 244.6875 
            244.6875 246.5625 
            246.5625 248.4375 
            248.4375 250.3125 
            250.3125 252.1875 
            252.1875 254.0625 
            254.0625 255.9375 
            255.9375 257.8125 
            257.8125 259.6875 
            259.6875 261.5625 
            261.5625 263.4375 
            263.4375 265.3125 
            265.3125 267.1875 
            267.1875 269.0625 
            269.0625 270.9375 
            270.9375 272.8125 
            272.8125 274.6875 
            274.6875 276.5625 
            276.5625 278.4375 
            278.4375 280.3125 
            280.3125 282.1875 
            282.1875 284.0625 
            284.0625 285.9375 
            285.9375 287.8125 
            287.8125 289.6875 
            289.6875 291.5625 
            291.5625 293.4375 
            293.4375 295.3125 
            295.3125 297.1875 
            297.1875 299.0625 
            299.0625 300.9375 
            300.9375 302.8125 
            302.8125 304.6875 
            304.6875 306.5625 
            306.5625 308.4375 
            308.4375 310.3125 
            310.3125 312.1875 
            312.1875 314.0625 
            314.0625 315.9375 
            315.9375 317.8125 
            317.8125 319.6875 
            319.6875 321.5625 
            321.5625 323.4375 
            323.4375 325.3125 
            325.3125 327.1875 
            327.1875 329.0625 
            329.0625 330.9375 
            330.9375 332.8125 
            332.8125 334.6875 
            334.6875 336.5625 
            336.5625 338.4375 
            338.4375 340.3125 
            340.3125 342.1875 
            342.1875 344.0625 
            344.0625 345.9375 
            345.9375 347.8125 
            347.8125 349.6875 
            349.6875 351.5625 
            351.5625 353.4375 
            353.4375 355.3125 
            355.3125 357.1875 
            357.1875 359.0625 
yvals     = -88.5721685140073 -86.7225309546681 -84.8619702920424 -82.9989416428376 
            -81.1349768376774 -79.2705590348597 -77.4058880820788 -75.5410614528789 
            -73.6761323132091 -71.8111321142745 -69.9460806469834 -68.0809909856513 
            -66.2158721139987 -64.3507304088721 -62.4855705220364 -60.6203959268265 
            -58.7552092693799 -56.8900126013571 -55.0248075383116 -53.1595953700197 
            -51.2943771389511 -49.429153697123 -47.5639257479787 -45.6986938777018 
            -43.8334585789513 -41.9682202690754 -40.1029793042494 -38.2377359905648 
            -36.3724905928122 -34.507243341501 -32.6419944385177 -30.7767440617232 
            -28.9114923687178 -27.0462394999448 -25.1809855812706 -23.3157307261409 
            -21.4504750373982 -19.5852186088223 -17.7199615264474 -15.8547038696949 
            -13.9894457123567 -12.1241871234558 -10.2589281680064 -8.39366890769239 
            -6.52840940147998 -4.66314970617789 -2.79788987695673 -0.932629967838004 
            0.932629967838004 2.79788987695673 4.66314970617789 6.52840940147998 
            8.39366890769239 10.2589281680064 12.1241871234558 13.9894457123567 15.8547038696949 
            17.7199615264474 19.5852186088223 21.4504750373982 23.3157307261409 25.1809855812706 
            27.0462394999448 28.9114923687178 30.7767440617232 32.6419944385177 34.507243341501 
            36.3724905928122 38.2377359905648 40.1029793042494 41.9682202690754 43.8334585789513 
            45.6986938777018 47.5639257479787 49.429153697123 51.2943771389511 53.1595953700197 
            55.0248075383116 56.8900126013571 58.7552092693799 60.6203959268265 62.4855705220364 
            64.3507304088721 66.2158721139987 68.0809909856513 69.9460806469834 71.8111321142745 
            73.6761323132091 75.5410614528789 77.4058880820788 79.2705590348597 81.1349768376774 
            82.9989416428376 84.8619702920424 86.7225309546681 88.5721685140073 
ybounds   = -89.4969872936768 -87.6473497343377 
            -87.6473497343377 -85.7922506233553 
            -85.7922506233553 -83.93045596744 
            -83.93045596744 -82.0669592402575 
            -82.0669592402575 -80.2027679362685 
            -80.2027679362685 -78.3382235584692 
            -78.3382235584692 -76.4734747674789 
            -76.4734747674789 -74.608596883044 
            -74.608596883044 -72.7436322137418 
            -72.7436322137418 -70.878606380629 
            -70.878606380629 -69.0135358163173 
            -69.0135358163173 -67.148431549825 
            -67.148431549825 -65.2833012614354 
            -65.2833012614354 -63.4181504654542 
            -63.4181504654542 -61.5529832244314 
            -61.5529832244314 -59.6878025981032 
            -59.6878025981032 -57.8226109353685 
            -57.8226109353685 -55.9574100698344 
            -55.9574100698344 -54.0922014541657 
            -54.0922014541657 -52.2269862544854 
            -52.2269862544854 -50.3617654180371 
            -50.3617654180371 -48.4965397225509 
            -48.4965397225509 -46.6313098128402 
            -46.6313098128402 -44.7660762283265 
            -44.7660762283265 -42.9008394240133 
            -42.9008394240133 -41.0355997866624 
            -41.0355997866624 -39.1703576474071 
            -39.1703576474071 -37.3051132916885 
            -37.3051132916885 -35.4398669671566 
            -35.4398669671566 -33.5746188900094 
            -33.5746188900094 -31.7093692501205 
            -31.7093692501205 -29.8441182152205 
            -29.8441182152205 -27.9788659343313 
            -27.9788659343313 -26.1136125406077 
            -26.1136125406077 -24.2483581537058 
            -24.2483581537058 -22.3831028817696 
            -22.3831028817696 -20.5178468231103 
            -20.5178468231103 -18.6525900676349 
            -18.6525900676349 -16.7873326980711 
            -16.7873326980711 -14.9220747910258 
            -14.9220747910258 -13.0568164179062 
            -13.0568164179062 -11.1915576457311 
            -11.1915576457311 -9.32629853784939 
            -9.32629853784939 -7.46103915458618 
            -7.46103915458618 -5.59577955382893 
            -5.59577955382893 -3.73051979156731 
            -3.73051979156731 -1.86525992239737 
            -1.86525992239737 0 
            0 1.86525992239737 
            1.86525992239737 3.73051979156731 
            3.73051979156731 5.59577955382893 
            5.59577955382893 7.46103915458618 
            7.46103915458618 9.32629853784939 
            9.32629853784939 11.1915576457311 
            11.1915576457311 13.0568164179062 
            13.0568164179062 14.9220747910258 
            14.9220747910258 16.7873326980711 
            16.7873326980711 18.6525900676349 
            18.6525900676349 20.5178468231103 
            20.5178468231103 22.3831028817696 
            22.3831028817696 24.2483581537058 
            24.2483581537058 26.1136125406077 
            26.1136125406077 27.9788659343313 
            27.9788659343313 29.8441182152205 
            29.8441182152205 31.7093692501205 
            31.7093692501205 33.5746188900094 
            33.5746188900094 35.4398669671566 
            35.4398669671566 37.3051132916885 
            37.3051132916885 39.1703576474071 
            39.1703576474071 41.0355997866624 
            41.0355997866624 42.9008394240133 
            42.9008394240133 44.7660762283265 
            44.7660762283265 46.6313098128402 
            46.6313098128402 48.4965397225509 
            48.4965397225509 50.3617654180371 
            50.3617654180371 52.2269862544854 
            52.2269862544854 54.0922014541657 
            54.0922014541657 55.9574100698344 
            55.9574100698344 57.8226109353685 
            57.8226109353685 59.6878025981032 
            59.6878025981032 61.5529832244314 
            61.5529832244314 63.4181504654542 
            63.4181504654542 65.2833012614354 
            65.2833012614354 67.148431549825 
            67.148431549825 69.0135358163173 
            69.0135358163173 70.878606380629 
            70.878606380629 72.7436322137418 
            72.7436322137418 74.608596883044 
            74.608596883044 76.4734747674789 
            76.4734747674789 78.3382235584692 
            78.3382235584692 80.2027679362685 
            80.2027679362685 82.0669592402575 
            82.0669592402575 83.93045596744 
            83.93045596744 85.7922506233553 
            85.7922506233553 87.6473497343377 
            87.6473497343377 89.4969872936768 
